(kicad_pcb (version 20171130) (host pcbnew "(5.1.10)-1")

  (general
    (thickness 1.6)
    (drawings 29)
    (tracks 730)
    (zones 0)
    (modules 212)
    (nets 47)
  )

  (page A4)
  (layers
    (0 F.Cu signal)
    (31 B.Cu signal)
    (32 B.Adhes user)
    (33 F.Adhes user)
    (34 B.Paste user)
    (35 F.Paste user)
    (36 B.SilkS user)
    (37 F.SilkS user)
    (38 B.Mask user)
    (39 F.Mask user)
    (40 Dwgs.User user)
    (41 Cmts.User user)
    (42 Eco1.User user)
    (43 Eco2.User user)
    (44 Edge.Cuts user)
    (45 Margin user)
    (46 B.CrtYd user)
    (47 F.CrtYd user)
    (48 B.Fab user)
    (49 F.Fab user)
  )

  (setup
    (last_trace_width 0.254)
    (user_trace_width 0.254)
    (user_trace_width 0.381)
    (user_trace_width 0.508)
    (user_trace_width 1)
    (user_trace_width 2.5)
    (user_trace_width 3)
    (user_trace_width 3.5)
    (user_trace_width 4)
    (user_trace_width 7.5)
    (user_trace_width 100)
    (trace_clearance 0.254)
    (zone_clearance 0.508)
    (zone_45_only no)
    (trace_min 0.2)
    (via_size 0.8)
    (via_drill 0.4)
    (via_min_size 0.4)
    (via_min_drill 0.3)
    (user_via 0.8 0.4)
    (user_via 1 0.5)
    (uvia_size 0.3)
    (uvia_drill 0.1)
    (uvias_allowed no)
    (uvia_min_size 0.2)
    (uvia_min_drill 0.1)
    (edge_width 0.2)
    (segment_width 0.2)
    (pcb_text_width 0.3)
    (pcb_text_size 1.5 1.5)
    (mod_edge_width 0.12)
    (mod_text_size 0.8 0.8)
    (mod_text_width 0.15)
    (pad_size 2.2 3)
    (pad_drill 0)
    (pad_to_mask_clearance 0.051)
    (solder_mask_min_width 0.25)
    (aux_axis_origin 20 170)
    (visible_elements 7FFFFFFF)
    (pcbplotparams
      (layerselection 0x010fc_ffffffff)
      (usegerberextensions false)
      (usegerberattributes false)
      (usegerberadvancedattributes false)
      (creategerberjobfile false)
      (excludeedgelayer true)
      (linewidth 0.100000)
      (plotframeref false)
      (viasonmask false)
      (mode 1)
      (useauxorigin false)
      (hpglpennumber 1)
      (hpglpenspeed 20)
      (hpglpendiameter 15.000000)
      (psnegative false)
      (psa4output false)
      (plotreference true)
      (plotvalue true)
      (plotinvisibletext false)
      (padsonsilk false)
      (subtractmaskfromsilk false)
      (outputformat 1)
      (mirror false)
      (drillshape 1)
      (scaleselection 1)
      (outputdirectory ""))
  )

  (net 0 "")
  (net 1 GNDPWR)
  (net 2 +12V)
  (net 3 RL1)
  (net 4 RL2)
  (net 5 RL3)
  (net 6 RL4)
  (net 7 "Net-(J3-Pad7)")
  (net 8 "Net-(J3-Pad6)")
  (net 9 "Net-(J3-Pad5)")
  (net 10 "Net-(J3-Pad4)")
  (net 11 "Net-(U1-Pad12)")
  (net 12 "Net-(U1-Pad11)")
  (net 13 "Net-(U1-Pad10)")
  (net 14 /RF_F1_C1)
  (net 15 /RF_F1_C2)
  (net 16 /RF_F1_C3)
  (net 17 /RF_F1_out)
  (net 18 /RF_F2_C1)
  (net 19 /RF_F2_C2)
  (net 20 /RF_F2_C3)
  (net 21 /RF_F2_out)
  (net 22 /RF_F3_C1)
  (net 23 /RF_F3_C2)
  (net 24 /RF_F3_C3)
  (net 25 /RF_F3_out)
  (net 26 /RF_F4_C1)
  (net 27 /RF_F4_C2)
  (net 28 /RF_F4_C3)
  (net 29 /RF_F4_out)
  (net 30 /RF_F5_C1)
  (net 31 /RF_F5_C2)
  (net 32 /RF_F5_C3)
  (net 33 /RF_F5_out)
  (net 34 /RF_out)
  (net 35 /RF_in)
  (net 36 /RF_F1_in)
  (net 37 /RF_F2_in)
  (net 38 /RF_F3_in)
  (net 39 /RF_F4_in)
  (net 40 /RF_F4_bypass)
  (net 41 /RF_SEL_1)
  (net 42 /RF_F1_bypass)
  (net 43 /RF_SEL_2)
  (net 44 /RF_F2_bypass)
  (net 45 /RF_SEL_3)
  (net 46 /RF_F3_bypass)

  (net_class Default "This is the default net class."
    (clearance 0.254)
    (trace_width 0.254)
    (via_dia 0.8)
    (via_drill 0.4)
    (uvia_dia 0.3)
    (uvia_drill 0.1)
    (add_net GNDPWR)
    (add_net "Net-(J3-Pad4)")
    (add_net "Net-(J3-Pad5)")
    (add_net "Net-(J3-Pad6)")
    (add_net "Net-(J3-Pad7)")
    (add_net "Net-(U1-Pad10)")
    (add_net "Net-(U1-Pad11)")
    (add_net "Net-(U1-Pad12)")
  )

  (net_class POWER ""
    (clearance 0.381)
    (trace_width 0.381)
    (via_dia 0.8)
    (via_drill 0.4)
    (uvia_dia 0.3)
    (uvia_drill 0.1)
    (add_net +12V)
    (add_net RL1)
    (add_net RL2)
    (add_net RL3)
    (add_net RL4)
  )

  (net_class RF ""
    (clearance 2)
    (trace_width 2.5)
    (via_dia 0.8)
    (via_drill 0.4)
    (uvia_dia 0.3)
    (uvia_drill 0.1)
    (add_net /RF_F1_C1)
    (add_net /RF_F1_C2)
    (add_net /RF_F1_C3)
    (add_net /RF_F1_bypass)
    (add_net /RF_F1_in)
    (add_net /RF_F1_out)
    (add_net /RF_F2_C1)
    (add_net /RF_F2_C2)
    (add_net /RF_F2_C3)
    (add_net /RF_F2_bypass)
    (add_net /RF_F2_in)
    (add_net /RF_F2_out)
    (add_net /RF_F3_C1)
    (add_net /RF_F3_C2)
    (add_net /RF_F3_C3)
    (add_net /RF_F3_bypass)
    (add_net /RF_F3_in)
    (add_net /RF_F3_out)
    (add_net /RF_F4_C1)
    (add_net /RF_F4_C2)
    (add_net /RF_F4_C3)
    (add_net /RF_F4_bypass)
    (add_net /RF_F4_in)
    (add_net /RF_F4_out)
    (add_net /RF_F5_C1)
    (add_net /RF_F5_C2)
    (add_net /RF_F5_C3)
    (add_net /RF_F5_out)
    (add_net /RF_SEL_1)
    (add_net /RF_SEL_2)
    (add_net /RF_SEL_3)
    (add_net /RF_in)
    (add_net /RF_out)
  )

  (module Capacitors_SMD:C_1812_HandSoldering (layer B.Cu) (tedit 5EB97776) (tstamp 5EBBE31C)
    (at 210 147.2 90)
    (descr "Capacitor SMD 1812, hand soldering")
    (tags "capacitor 1812")
    (path /5E30A628)
    (attr smd)
    (fp_text reference C7 (at 0 2.75 270) (layer B.SilkS) hide
      (effects (font (size 1 1) (thickness 0.15)) (justify mirror))
    )
    (fp_text value "10pF 3KV" (at 0 -2.75 270) (layer B.Fab) hide
      (effects (font (size 1 1) (thickness 0.15)) (justify mirror))
    )
    (fp_line (start -2.25 -1.6) (end -2.25 1.6) (layer B.Fab) (width 0.1))
    (fp_line (start 2.3 -1.6) (end -2.25 -1.6) (layer B.Fab) (width 0.1))
    (fp_line (start 2.3 1.6) (end 2.3 -1.6) (layer B.Fab) (width 0.1))
    (fp_line (start -2.25 1.6) (end 2.3 1.6) (layer B.Fab) (width 0.1))
    (fp_line (start 1.8 1.73) (end -1.8 1.73) (layer B.SilkS) (width 0.12))
    (fp_line (start -1.8 -1.73) (end 1.8 -1.73) (layer B.SilkS) (width 0.12))
    (fp_line (start -4.25 1.85) (end 4.25 1.85) (layer B.CrtYd) (width 0.05))
    (fp_line (start -4.25 1.85) (end -4.25 -1.85) (layer B.CrtYd) (width 0.05))
    (fp_line (start 4.25 -1.85) (end 4.25 1.85) (layer B.CrtYd) (width 0.05))
    (fp_line (start 4.25 -1.85) (end -4.25 -1.85) (layer B.CrtYd) (width 0.05))
    (fp_text user %R (at 0 2.75 270) (layer B.Fab)
      (effects (font (size 1 1) (thickness 0.15)) (justify mirror))
    )
    (pad 2 smd rect (at 2.9 0 90) (size 2.2 3) (layers B.Cu B.Paste B.Mask)
      (net 32 /RF_F5_C3))
    (pad 1 smd rect (at -2.9 0 90) (size 2.2 3) (layers B.Cu B.Paste B.Mask)
      (net 1 GNDPWR))
    (model Capacitors_SMD.3dshapes/C_1812.wrl
      (at (xyz 0 0 0))
      (scale (xyz 1 1 1))
      (rotate (xyz 0 0 0))
    )
  )

  (module Capacitors_SMD:C_1812_HandSoldering (layer B.Cu) (tedit 5EBACB62) (tstamp 5EBBDEE2)
    (at 182.4 157.5 90)
    (descr "Capacitor SMD 1812, hand soldering")
    (tags "capacitor 1812")
    (path /5E30A628)
    (attr smd)
    (fp_text reference C7 (at 0 2.75 270) (layer B.SilkS) hide
      (effects (font (size 1 1) (thickness 0.15)) (justify mirror))
    )
    (fp_text value "10pF 3KV" (at 0 -2.75 270) (layer B.Fab) hide
      (effects (font (size 1 1) (thickness 0.15)) (justify mirror))
    )
    (fp_line (start -2.25 -1.6) (end -2.25 1.6) (layer B.Fab) (width 0.1))
    (fp_line (start 2.3 -1.6) (end -2.25 -1.6) (layer B.Fab) (width 0.1))
    (fp_line (start 2.3 1.6) (end 2.3 -1.6) (layer B.Fab) (width 0.1))
    (fp_line (start -2.25 1.6) (end 2.3 1.6) (layer B.Fab) (width 0.1))
    (fp_line (start 1.8 1.73) (end -1.8 1.73) (layer B.SilkS) (width 0.12))
    (fp_line (start -1.8 -1.73) (end 1.8 -1.73) (layer B.SilkS) (width 0.12))
    (fp_line (start -4.25 1.85) (end 4.25 1.85) (layer B.CrtYd) (width 0.05))
    (fp_line (start -4.25 1.85) (end -4.25 -1.85) (layer B.CrtYd) (width 0.05))
    (fp_line (start 4.25 -1.85) (end 4.25 1.85) (layer B.CrtYd) (width 0.05))
    (fp_line (start 4.25 -1.85) (end -4.25 -1.85) (layer B.CrtYd) (width 0.05))
    (fp_text user %R (at 0 2.75 270) (layer B.Fab)
      (effects (font (size 1 1) (thickness 0.15)) (justify mirror))
    )
    (pad 2 smd rect (at 2.9 0 90) (size 2.2 3) (layers B.Cu B.Paste B.Mask)
      (net 33 /RF_F5_out))
    (pad 1 smd rect (at -2.9 0 90) (size 2.2 3) (layers B.Cu B.Paste B.Mask)
      (net 1 GNDPWR))
    (model Capacitors_SMD.3dshapes/C_1812.wrl
      (at (xyz 0 0 0))
      (scale (xyz 1 1 1))
      (rotate (xyz 0 0 0))
    )
  )

  (module Capacitors_SMD:C_1812_HandSoldering (layer B.Cu) (tedit 5EBACB62) (tstamp 5EBBDE6D)
    (at 178.4 157.5 90)
    (descr "Capacitor SMD 1812, hand soldering")
    (tags "capacitor 1812")
    (path /5E30A628)
    (attr smd)
    (fp_text reference C7 (at 0 2.75 270) (layer B.SilkS) hide
      (effects (font (size 1 1) (thickness 0.15)) (justify mirror))
    )
    (fp_text value "10pF 3KV" (at 0 -2.75 270) (layer B.Fab) hide
      (effects (font (size 1 1) (thickness 0.15)) (justify mirror))
    )
    (fp_line (start 4.25 -1.85) (end -4.25 -1.85) (layer B.CrtYd) (width 0.05))
    (fp_line (start 4.25 -1.85) (end 4.25 1.85) (layer B.CrtYd) (width 0.05))
    (fp_line (start -4.25 1.85) (end -4.25 -1.85) (layer B.CrtYd) (width 0.05))
    (fp_line (start -4.25 1.85) (end 4.25 1.85) (layer B.CrtYd) (width 0.05))
    (fp_line (start -1.8 -1.73) (end 1.8 -1.73) (layer B.SilkS) (width 0.12))
    (fp_line (start 1.8 1.73) (end -1.8 1.73) (layer B.SilkS) (width 0.12))
    (fp_line (start -2.25 1.6) (end 2.3 1.6) (layer B.Fab) (width 0.1))
    (fp_line (start 2.3 1.6) (end 2.3 -1.6) (layer B.Fab) (width 0.1))
    (fp_line (start 2.3 -1.6) (end -2.25 -1.6) (layer B.Fab) (width 0.1))
    (fp_line (start -2.25 -1.6) (end -2.25 1.6) (layer B.Fab) (width 0.1))
    (fp_text user %R (at 0 2.75 270) (layer B.Fab)
      (effects (font (size 1 1) (thickness 0.15)) (justify mirror))
    )
    (pad 1 smd rect (at -2.9 0 90) (size 2.2 3) (layers B.Cu B.Paste B.Mask)
      (net 1 GNDPWR))
    (pad 2 smd rect (at 2.9 0 90) (size 2.2 3) (layers B.Cu B.Paste B.Mask)
      (net 33 /RF_F5_out))
    (model Capacitors_SMD.3dshapes/C_1812.wrl
      (at (xyz 0 0 0))
      (scale (xyz 1 1 1))
      (rotate (xyz 0 0 0))
    )
  )

  (module Capacitors_SMD:C_1812_HandSoldering (layer B.Cu) (tedit 5EBACB62) (tstamp 5EBBDE2B)
    (at 174.4 157.5 90)
    (descr "Capacitor SMD 1812, hand soldering")
    (tags "capacitor 1812")
    (path /5E30A628)
    (attr smd)
    (fp_text reference C7 (at 0 2.75 270) (layer B.SilkS) hide
      (effects (font (size 1 1) (thickness 0.15)) (justify mirror))
    )
    (fp_text value "10pF 3KV" (at 0 -2.75 270) (layer B.Fab) hide
      (effects (font (size 1 1) (thickness 0.15)) (justify mirror))
    )
    (fp_line (start -2.25 -1.6) (end -2.25 1.6) (layer B.Fab) (width 0.1))
    (fp_line (start 2.3 -1.6) (end -2.25 -1.6) (layer B.Fab) (width 0.1))
    (fp_line (start 2.3 1.6) (end 2.3 -1.6) (layer B.Fab) (width 0.1))
    (fp_line (start -2.25 1.6) (end 2.3 1.6) (layer B.Fab) (width 0.1))
    (fp_line (start 1.8 1.73) (end -1.8 1.73) (layer B.SilkS) (width 0.12))
    (fp_line (start -1.8 -1.73) (end 1.8 -1.73) (layer B.SilkS) (width 0.12))
    (fp_line (start -4.25 1.85) (end 4.25 1.85) (layer B.CrtYd) (width 0.05))
    (fp_line (start -4.25 1.85) (end -4.25 -1.85) (layer B.CrtYd) (width 0.05))
    (fp_line (start 4.25 -1.85) (end 4.25 1.85) (layer B.CrtYd) (width 0.05))
    (fp_line (start 4.25 -1.85) (end -4.25 -1.85) (layer B.CrtYd) (width 0.05))
    (fp_text user %R (at 0 2.75 270) (layer B.Fab)
      (effects (font (size 1 1) (thickness 0.15)) (justify mirror))
    )
    (pad 2 smd rect (at 2.9 0 90) (size 2.2 3) (layers B.Cu B.Paste B.Mask)
      (net 33 /RF_F5_out))
    (pad 1 smd rect (at -2.9 0 90) (size 2.2 3) (layers B.Cu B.Paste B.Mask)
      (net 1 GNDPWR))
    (model Capacitors_SMD.3dshapes/C_1812.wrl
      (at (xyz 0 0 0))
      (scale (xyz 1 1 1))
      (rotate (xyz 0 0 0))
    )
  )

  (module Capacitors_SMD:C_1812_HandSoldering (layer B.Cu) (tedit 5EBACB62) (tstamp 5EBBDDD8)
    (at 170.4 157.5 90)
    (descr "Capacitor SMD 1812, hand soldering")
    (tags "capacitor 1812")
    (path /5E30A628)
    (attr smd)
    (fp_text reference C7 (at 0 2.75 270) (layer B.SilkS) hide
      (effects (font (size 1 1) (thickness 0.15)) (justify mirror))
    )
    (fp_text value "10pF 3KV" (at 0 -2.75 270) (layer B.Fab) hide
      (effects (font (size 1 1) (thickness 0.15)) (justify mirror))
    )
    (fp_line (start 4.25 -1.85) (end -4.25 -1.85) (layer B.CrtYd) (width 0.05))
    (fp_line (start 4.25 -1.85) (end 4.25 1.85) (layer B.CrtYd) (width 0.05))
    (fp_line (start -4.25 1.85) (end -4.25 -1.85) (layer B.CrtYd) (width 0.05))
    (fp_line (start -4.25 1.85) (end 4.25 1.85) (layer B.CrtYd) (width 0.05))
    (fp_line (start -1.8 -1.73) (end 1.8 -1.73) (layer B.SilkS) (width 0.12))
    (fp_line (start 1.8 1.73) (end -1.8 1.73) (layer B.SilkS) (width 0.12))
    (fp_line (start -2.25 1.6) (end 2.3 1.6) (layer B.Fab) (width 0.1))
    (fp_line (start 2.3 1.6) (end 2.3 -1.6) (layer B.Fab) (width 0.1))
    (fp_line (start 2.3 -1.6) (end -2.25 -1.6) (layer B.Fab) (width 0.1))
    (fp_line (start -2.25 -1.6) (end -2.25 1.6) (layer B.Fab) (width 0.1))
    (fp_text user %R (at 0 2.75 270) (layer B.Fab)
      (effects (font (size 1 1) (thickness 0.15)) (justify mirror))
    )
    (pad 1 smd rect (at -2.9 0 90) (size 2.2 3) (layers B.Cu B.Paste B.Mask)
      (net 1 GNDPWR))
    (pad 2 smd rect (at 2.9 0 90) (size 2.2 3) (layers B.Cu B.Paste B.Mask)
      (net 33 /RF_F5_out))
    (model Capacitors_SMD.3dshapes/C_1812.wrl
      (at (xyz 0 0 0))
      (scale (xyz 1 1 1))
      (rotate (xyz 0 0 0))
    )
  )

  (module Capacitors_SMD:C_1812_HandSoldering (layer B.Cu) (tedit 5EBACB62) (tstamp 5EBBDD96)
    (at 166.4 157.5 90)
    (descr "Capacitor SMD 1812, hand soldering")
    (tags "capacitor 1812")
    (path /5E30A628)
    (attr smd)
    (fp_text reference C7 (at 0 2.75 270) (layer B.SilkS) hide
      (effects (font (size 1 1) (thickness 0.15)) (justify mirror))
    )
    (fp_text value "10pF 3KV" (at 0 -2.75 270) (layer B.Fab) hide
      (effects (font (size 1 1) (thickness 0.15)) (justify mirror))
    )
    (fp_line (start -2.25 -1.6) (end -2.25 1.6) (layer B.Fab) (width 0.1))
    (fp_line (start 2.3 -1.6) (end -2.25 -1.6) (layer B.Fab) (width 0.1))
    (fp_line (start 2.3 1.6) (end 2.3 -1.6) (layer B.Fab) (width 0.1))
    (fp_line (start -2.25 1.6) (end 2.3 1.6) (layer B.Fab) (width 0.1))
    (fp_line (start 1.8 1.73) (end -1.8 1.73) (layer B.SilkS) (width 0.12))
    (fp_line (start -1.8 -1.73) (end 1.8 -1.73) (layer B.SilkS) (width 0.12))
    (fp_line (start -4.25 1.85) (end 4.25 1.85) (layer B.CrtYd) (width 0.05))
    (fp_line (start -4.25 1.85) (end -4.25 -1.85) (layer B.CrtYd) (width 0.05))
    (fp_line (start 4.25 -1.85) (end 4.25 1.85) (layer B.CrtYd) (width 0.05))
    (fp_line (start 4.25 -1.85) (end -4.25 -1.85) (layer B.CrtYd) (width 0.05))
    (fp_text user %R (at 0 2.75 270) (layer B.Fab)
      (effects (font (size 1 1) (thickness 0.15)) (justify mirror))
    )
    (pad 2 smd rect (at 2.9 0 90) (size 2.2 3) (layers B.Cu B.Paste B.Mask)
      (net 33 /RF_F5_out))
    (pad 1 smd rect (at -2.9 0 90) (size 2.2 3) (layers B.Cu B.Paste B.Mask)
      (net 1 GNDPWR))
    (model Capacitors_SMD.3dshapes/C_1812.wrl
      (at (xyz 0 0 0))
      (scale (xyz 1 1 1))
      (rotate (xyz 0 0 0))
    )
  )

  (module Capacitors_SMD:C_1812_HandSoldering (layer B.Cu) (tedit 5EBACBC4) (tstamp 5EBBC2E8)
    (at 191.4 152.6 138)
    (descr "Capacitor SMD 1812, hand soldering")
    (tags "capacitor 1812")
    (path /5E30A628)
    (attr smd)
    (fp_text reference C7 (at 0 2.75 318) (layer B.SilkS) hide
      (effects (font (size 1 1) (thickness 0.15)) (justify mirror))
    )
    (fp_text value "10pF 3KV" (at 0 -2.75 318) (layer B.Fab) hide
      (effects (font (size 1 1) (thickness 0.15)) (justify mirror))
    )
    (fp_line (start -2.25 -1.6) (end -2.25 1.6) (layer B.Fab) (width 0.1))
    (fp_line (start 2.3 -1.6) (end -2.25 -1.6) (layer B.Fab) (width 0.1))
    (fp_line (start 2.3 1.6) (end 2.3 -1.6) (layer B.Fab) (width 0.1))
    (fp_line (start -2.25 1.6) (end 2.3 1.6) (layer B.Fab) (width 0.1))
    (fp_line (start 1.8 1.73) (end -1.8 1.73) (layer B.SilkS) (width 0.12))
    (fp_line (start -1.8 -1.73) (end 1.8 -1.73) (layer B.SilkS) (width 0.12))
    (fp_line (start -4.25 1.85) (end 4.25 1.85) (layer B.CrtYd) (width 0.05))
    (fp_line (start -4.25 1.85) (end -4.25 -1.85) (layer B.CrtYd) (width 0.05))
    (fp_line (start 4.25 -1.85) (end 4.25 1.85) (layer B.CrtYd) (width 0.05))
    (fp_line (start 4.25 -1.85) (end -4.25 -1.85) (layer B.CrtYd) (width 0.05))
    (fp_text user %R (at 0 2.75 318) (layer B.Fab)
      (effects (font (size 1 1) (thickness 0.15)) (justify mirror))
    )
    (pad 2 smd rect (at 2.9 0 138) (size 2.2 3) (layers B.Cu B.Paste B.Mask)
      (net 33 /RF_F5_out))
    (pad 1 smd rect (at -2.9 0 138) (size 2.2 3) (layers B.Cu B.Paste B.Mask)
      (net 1 GNDPWR))
    (model Capacitors_SMD.3dshapes/C_1812.wrl
      (at (xyz 0 0 0))
      (scale (xyz 1 1 1))
      (rotate (xyz 0 0 0))
    )
  )

  (module Capacitors_SMD:C_1812_HandSoldering (layer B.Cu) (tedit 5EBACB62) (tstamp 5EBBC140)
    (at 162.3 157.5 90)
    (descr "Capacitor SMD 1812, hand soldering")
    (tags "capacitor 1812")
    (path /5E30A628)
    (attr smd)
    (fp_text reference C7 (at 0 2.75 270) (layer B.SilkS) hide
      (effects (font (size 1 1) (thickness 0.15)) (justify mirror))
    )
    (fp_text value "10pF 3KV" (at 0 -2.75 270) (layer B.Fab) hide
      (effects (font (size 1 1) (thickness 0.15)) (justify mirror))
    )
    (fp_line (start 4.25 -1.85) (end -4.25 -1.85) (layer B.CrtYd) (width 0.05))
    (fp_line (start 4.25 -1.85) (end 4.25 1.85) (layer B.CrtYd) (width 0.05))
    (fp_line (start -4.25 1.85) (end -4.25 -1.85) (layer B.CrtYd) (width 0.05))
    (fp_line (start -4.25 1.85) (end 4.25 1.85) (layer B.CrtYd) (width 0.05))
    (fp_line (start -1.8 -1.73) (end 1.8 -1.73) (layer B.SilkS) (width 0.12))
    (fp_line (start 1.8 1.73) (end -1.8 1.73) (layer B.SilkS) (width 0.12))
    (fp_line (start -2.25 1.6) (end 2.3 1.6) (layer B.Fab) (width 0.1))
    (fp_line (start 2.3 1.6) (end 2.3 -1.6) (layer B.Fab) (width 0.1))
    (fp_line (start 2.3 -1.6) (end -2.25 -1.6) (layer B.Fab) (width 0.1))
    (fp_line (start -2.25 -1.6) (end -2.25 1.6) (layer B.Fab) (width 0.1))
    (fp_text user %R (at 0 2.75 270) (layer B.Fab)
      (effects (font (size 1 1) (thickness 0.15)) (justify mirror))
    )
    (pad 1 smd rect (at -2.9 0 90) (size 2.2 3) (layers B.Cu B.Paste B.Mask)
      (net 1 GNDPWR))
    (pad 2 smd rect (at 2.9 0 90) (size 2.2 3) (layers B.Cu B.Paste B.Mask)
      (net 33 /RF_F5_out))
    (model Capacitors_SMD.3dshapes/C_1812.wrl
      (at (xyz 0 0 0))
      (scale (xyz 1 1 1))
      (rotate (xyz 0 0 0))
    )
  )

  (module Capacitors_SMD:C_1812_HandSoldering (layer B.Cu) (tedit 5EBACBD1) (tstamp 5EBB9869)
    (at 188.5 146.75 228)
    (descr "Capacitor SMD 1812, hand soldering")
    (tags "capacitor 1812")
    (path /5E30A628)
    (attr smd)
    (fp_text reference C7 (at 0 2.75 228) (layer B.SilkS) hide
      (effects (font (size 1 1) (thickness 0.15)) (justify mirror))
    )
    (fp_text value "10pF 3KV" (at 0 -2.75 228) (layer B.Fab) hide
      (effects (font (size 1 1) (thickness 0.15)) (justify mirror))
    )
    (fp_line (start -2.25 -1.6) (end -2.25 1.6) (layer B.Fab) (width 0.1))
    (fp_line (start 2.3 -1.6) (end -2.25 -1.6) (layer B.Fab) (width 0.1))
    (fp_line (start 2.3 1.6) (end 2.3 -1.6) (layer B.Fab) (width 0.1))
    (fp_line (start -2.25 1.6) (end 2.3 1.6) (layer B.Fab) (width 0.1))
    (fp_line (start 1.8 1.73) (end -1.8 1.73) (layer B.SilkS) (width 0.12))
    (fp_line (start -1.8 -1.73) (end 1.8 -1.73) (layer B.SilkS) (width 0.12))
    (fp_line (start -4.25 1.85) (end 4.25 1.85) (layer B.CrtYd) (width 0.05))
    (fp_line (start -4.25 1.85) (end -4.25 -1.85) (layer B.CrtYd) (width 0.05))
    (fp_line (start 4.25 -1.85) (end 4.25 1.85) (layer B.CrtYd) (width 0.05))
    (fp_line (start 4.25 -1.85) (end -4.25 -1.85) (layer B.CrtYd) (width 0.05))
    (fp_text user %R (at 0 2.75 228) (layer B.Fab)
      (effects (font (size 1 1) (thickness 0.15)) (justify mirror))
    )
    (pad 2 smd rect (at 2.9 0 228) (size 2.2 3) (layers B.Cu B.Paste B.Mask)
      (net 33 /RF_F5_out))
    (pad 1 smd rect (at -2.9 0 228) (size 2.2 3) (layers B.Cu B.Paste B.Mask)
      (net 1 GNDPWR))
    (model Capacitors_SMD.3dshapes/C_1812.wrl
      (at (xyz 0 0 0))
      (scale (xyz 1 1 1))
      (rotate (xyz 0 0 0))
    )
  )

  (module Capacitors_SMD:C_1812_HandSoldering (layer B.Cu) (tedit 5EBACBBC) (tstamp 5EBB947D)
    (at 188.8 155.4 138)
    (descr "Capacitor SMD 1812, hand soldering")
    (tags "capacitor 1812")
    (path /5E30A628)
    (attr smd)
    (fp_text reference C7 (at 0 2.75 318) (layer B.SilkS) hide
      (effects (font (size 1 1) (thickness 0.15)) (justify mirror))
    )
    (fp_text value "10pF 3KV" (at 0 -2.75 318) (layer B.Fab) hide
      (effects (font (size 1 1) (thickness 0.15)) (justify mirror))
    )
    (fp_line (start 4.25 -1.85) (end -4.25 -1.85) (layer B.CrtYd) (width 0.05))
    (fp_line (start 4.25 -1.85) (end 4.25 1.85) (layer B.CrtYd) (width 0.05))
    (fp_line (start -4.25 1.85) (end -4.25 -1.85) (layer B.CrtYd) (width 0.05))
    (fp_line (start -4.25 1.85) (end 4.25 1.85) (layer B.CrtYd) (width 0.05))
    (fp_line (start -1.8 -1.73) (end 1.8 -1.73) (layer B.SilkS) (width 0.12))
    (fp_line (start 1.8 1.73) (end -1.8 1.73) (layer B.SilkS) (width 0.12))
    (fp_line (start -2.25 1.6) (end 2.3 1.6) (layer B.Fab) (width 0.1))
    (fp_line (start 2.3 1.6) (end 2.3 -1.6) (layer B.Fab) (width 0.1))
    (fp_line (start 2.3 -1.6) (end -2.25 -1.6) (layer B.Fab) (width 0.1))
    (fp_line (start -2.25 -1.6) (end -2.25 1.6) (layer B.Fab) (width 0.1))
    (fp_text user %R (at 0 2.75 318) (layer B.Fab)
      (effects (font (size 1 1) (thickness 0.15)) (justify mirror))
    )
    (pad 1 smd rect (at -2.9 0 138) (size 2.2 3) (layers B.Cu B.Paste B.Mask)
      (net 1 GNDPWR))
    (pad 2 smd rect (at 2.9 0 138) (size 2.2 3) (layers B.Cu B.Paste B.Mask)
      (net 33 /RF_F5_out))
    (model Capacitors_SMD.3dshapes/C_1812.wrl
      (at (xyz 0 0 0))
      (scale (xyz 1 1 1))
      (rotate (xyz 0 0 0))
    )
  )

  (module Capacitors_SMD:C_1812_HandSoldering (layer B.Cu) (tedit 5EB97776) (tstamp 5EBB7460)
    (at 206.15 113.1)
    (descr "Capacitor SMD 1812, hand soldering")
    (tags "capacitor 1812")
    (path /5E30A628)
    (attr smd)
    (fp_text reference C7 (at 0 2.75 180) (layer B.SilkS) hide
      (effects (font (size 1 1) (thickness 0.15)) (justify mirror))
    )
    (fp_text value "10pF 3KV" (at 0 -2.75 180) (layer B.Fab) hide
      (effects (font (size 1 1) (thickness 0.15)) (justify mirror))
    )
    (fp_line (start 4.25 -1.85) (end -4.25 -1.85) (layer B.CrtYd) (width 0.05))
    (fp_line (start 4.25 -1.85) (end 4.25 1.85) (layer B.CrtYd) (width 0.05))
    (fp_line (start -4.25 1.85) (end -4.25 -1.85) (layer B.CrtYd) (width 0.05))
    (fp_line (start -4.25 1.85) (end 4.25 1.85) (layer B.CrtYd) (width 0.05))
    (fp_line (start -1.8 -1.73) (end 1.8 -1.73) (layer B.SilkS) (width 0.12))
    (fp_line (start 1.8 1.73) (end -1.8 1.73) (layer B.SilkS) (width 0.12))
    (fp_line (start -2.25 1.6) (end 2.3 1.6) (layer B.Fab) (width 0.1))
    (fp_line (start 2.3 1.6) (end 2.3 -1.6) (layer B.Fab) (width 0.1))
    (fp_line (start 2.3 -1.6) (end -2.25 -1.6) (layer B.Fab) (width 0.1))
    (fp_line (start -2.25 -1.6) (end -2.25 1.6) (layer B.Fab) (width 0.1))
    (fp_text user %R (at 0 2.75 180) (layer B.Fab)
      (effects (font (size 1 1) (thickness 0.15)) (justify mirror))
    )
    (pad 1 smd rect (at -2.9 0) (size 2.2 3) (layers B.Cu B.Paste B.Mask)
      (net 1 GNDPWR))
    (pad 2 smd rect (at 2.9 0) (size 2.2 3) (layers B.Cu B.Paste B.Mask)
      (net 14 /RF_F1_C1))
    (model Capacitors_SMD.3dshapes/C_1812.wrl
      (at (xyz 0 0 0))
      (scale (xyz 1 1 1))
      (rotate (xyz 0 0 0))
    )
  )

  (module Capacitors_SMD:C_1812_HandSoldering (layer B.Cu) (tedit 5EB97776) (tstamp 5EBB6D0F)
    (at 204.5 141)
    (descr "Capacitor SMD 1812, hand soldering")
    (tags "capacitor 1812")
    (path /5E30A628)
    (attr smd)
    (fp_text reference C7 (at 0 2.75 180) (layer B.SilkS) hide
      (effects (font (size 1 1) (thickness 0.15)) (justify mirror))
    )
    (fp_text value "10pF 3KV" (at 0 -2.75 180) (layer B.Fab) hide
      (effects (font (size 1 1) (thickness 0.15)) (justify mirror))
    )
    (fp_line (start 4.25 -1.85) (end -4.25 -1.85) (layer B.CrtYd) (width 0.05))
    (fp_line (start 4.25 -1.85) (end 4.25 1.85) (layer B.CrtYd) (width 0.05))
    (fp_line (start -4.25 1.85) (end -4.25 -1.85) (layer B.CrtYd) (width 0.05))
    (fp_line (start -4.25 1.85) (end 4.25 1.85) (layer B.CrtYd) (width 0.05))
    (fp_line (start -1.8 -1.73) (end 1.8 -1.73) (layer B.SilkS) (width 0.12))
    (fp_line (start 1.8 1.73) (end -1.8 1.73) (layer B.SilkS) (width 0.12))
    (fp_line (start -2.25 1.6) (end 2.3 1.6) (layer B.Fab) (width 0.1))
    (fp_line (start 2.3 1.6) (end 2.3 -1.6) (layer B.Fab) (width 0.1))
    (fp_line (start 2.3 -1.6) (end -2.25 -1.6) (layer B.Fab) (width 0.1))
    (fp_line (start -2.25 -1.6) (end -2.25 1.6) (layer B.Fab) (width 0.1))
    (fp_text user %R (at 0 2.75 180) (layer B.Fab)
      (effects (font (size 1 1) (thickness 0.15)) (justify mirror))
    )
    (pad 1 smd rect (at -2.9 0) (size 2.2 3) (layers B.Cu B.Paste B.Mask)
      (net 1 GNDPWR))
    (pad 2 smd rect (at 2.9 0) (size 2.2 3) (layers B.Cu B.Paste B.Mask)
      (net 32 /RF_F5_C3))
    (model Capacitors_SMD.3dshapes/C_1812.wrl
      (at (xyz 0 0 0))
      (scale (xyz 1 1 1))
      (rotate (xyz 0 0 0))
    )
  )

  (module Capacitors_SMD:C_1812_HandSoldering (layer B.Cu) (tedit 5EB97776) (tstamp 5EBB1B76)
    (at 206.051838 125.1)
    (descr "Capacitor SMD 1812, hand soldering")
    (tags "capacitor 1812")
    (path /5E30A628)
    (attr smd)
    (fp_text reference C7 (at 0 2.75 180) (layer B.SilkS) hide
      (effects (font (size 1 1) (thickness 0.15)) (justify mirror))
    )
    (fp_text value "10pF 3KV" (at 0 -2.75 180) (layer B.Fab) hide
      (effects (font (size 1 1) (thickness 0.15)) (justify mirror))
    )
    (fp_line (start 4.25 -1.85) (end -4.25 -1.85) (layer B.CrtYd) (width 0.05))
    (fp_line (start 4.25 -1.85) (end 4.25 1.85) (layer B.CrtYd) (width 0.05))
    (fp_line (start -4.25 1.85) (end -4.25 -1.85) (layer B.CrtYd) (width 0.05))
    (fp_line (start -4.25 1.85) (end 4.25 1.85) (layer B.CrtYd) (width 0.05))
    (fp_line (start -1.8 -1.73) (end 1.8 -1.73) (layer B.SilkS) (width 0.12))
    (fp_line (start 1.8 1.73) (end -1.8 1.73) (layer B.SilkS) (width 0.12))
    (fp_line (start -2.25 1.6) (end 2.3 1.6) (layer B.Fab) (width 0.1))
    (fp_line (start 2.3 1.6) (end 2.3 -1.6) (layer B.Fab) (width 0.1))
    (fp_line (start 2.3 -1.6) (end -2.25 -1.6) (layer B.Fab) (width 0.1))
    (fp_line (start -2.25 -1.6) (end -2.25 1.6) (layer B.Fab) (width 0.1))
    (fp_text user %R (at 0 2.75 180) (layer B.Fab)
      (effects (font (size 1 1) (thickness 0.15)) (justify mirror))
    )
    (pad 1 smd rect (at -2.9 0) (size 2.2 3) (layers B.Cu B.Paste B.Mask)
      (net 1 GNDPWR))
    (pad 2 smd rect (at 2.9 0) (size 2.2 3) (layers B.Cu B.Paste B.Mask)
      (net 14 /RF_F1_C1))
    (model Capacitors_SMD.3dshapes/C_1812.wrl
      (at (xyz 0 0 0))
      (scale (xyz 1 1 1))
      (rotate (xyz 0 0 0))
    )
  )

  (module Capacitors_SMD:C_1812_HandSoldering (layer B.Cu) (tedit 5EB97776) (tstamp 5EBB1B66)
    (at 205.9 133.1)
    (descr "Capacitor SMD 1812, hand soldering")
    (tags "capacitor 1812")
    (path /5E30A628)
    (attr smd)
    (fp_text reference C7 (at 0 2.75 180) (layer B.SilkS) hide
      (effects (font (size 1 1) (thickness 0.15)) (justify mirror))
    )
    (fp_text value "10pF 3KV" (at 0 -2.75 180) (layer B.Fab) hide
      (effects (font (size 1 1) (thickness 0.15)) (justify mirror))
    )
    (fp_line (start 4.25 -1.85) (end -4.25 -1.85) (layer B.CrtYd) (width 0.05))
    (fp_line (start 4.25 -1.85) (end 4.25 1.85) (layer B.CrtYd) (width 0.05))
    (fp_line (start -4.25 1.85) (end -4.25 -1.85) (layer B.CrtYd) (width 0.05))
    (fp_line (start -4.25 1.85) (end 4.25 1.85) (layer B.CrtYd) (width 0.05))
    (fp_line (start -1.8 -1.73) (end 1.8 -1.73) (layer B.SilkS) (width 0.12))
    (fp_line (start 1.8 1.73) (end -1.8 1.73) (layer B.SilkS) (width 0.12))
    (fp_line (start -2.25 1.6) (end 2.3 1.6) (layer B.Fab) (width 0.1))
    (fp_line (start 2.3 1.6) (end 2.3 -1.6) (layer B.Fab) (width 0.1))
    (fp_line (start 2.3 -1.6) (end -2.25 -1.6) (layer B.Fab) (width 0.1))
    (fp_line (start -2.25 -1.6) (end -2.25 1.6) (layer B.Fab) (width 0.1))
    (fp_text user %R (at 0 2.75 180) (layer B.Fab)
      (effects (font (size 1 1) (thickness 0.15)) (justify mirror))
    )
    (pad 1 smd rect (at -2.9 0) (size 2.2 3) (layers B.Cu B.Paste B.Mask)
      (net 1 GNDPWR))
    (pad 2 smd rect (at 2.9 0) (size 2.2 3) (layers B.Cu B.Paste B.Mask)
      (net 14 /RF_F1_C1))
    (model Capacitors_SMD.3dshapes/C_1812.wrl
      (at (xyz 0 0 0))
      (scale (xyz 1 1 1))
      (rotate (xyz 0 0 0))
    )
  )

  (module Capacitors_SMD:C_1812_HandSoldering (layer B.Cu) (tedit 58AA8525) (tstamp 5EBB1B56)
    (at 205.979278 129.1)
    (descr "Capacitor SMD 1812, hand soldering")
    (tags "capacitor 1812")
    (path /5E30A628)
    (attr smd)
    (fp_text reference C7 (at 0 2.75 180) (layer B.SilkS) hide
      (effects (font (size 1 1) (thickness 0.15)) (justify mirror))
    )
    (fp_text value "10pF 3KV" (at 0 -2.75 180) (layer B.Fab) hide
      (effects (font (size 1 1) (thickness 0.15)) (justify mirror))
    )
    (fp_line (start -2.25 -1.6) (end -2.25 1.6) (layer B.Fab) (width 0.1))
    (fp_line (start 2.3 -1.6) (end -2.25 -1.6) (layer B.Fab) (width 0.1))
    (fp_line (start 2.3 1.6) (end 2.3 -1.6) (layer B.Fab) (width 0.1))
    (fp_line (start -2.25 1.6) (end 2.3 1.6) (layer B.Fab) (width 0.1))
    (fp_line (start 1.8 1.73) (end -1.8 1.73) (layer B.SilkS) (width 0.12))
    (fp_line (start -1.8 -1.73) (end 1.8 -1.73) (layer B.SilkS) (width 0.12))
    (fp_line (start -4.25 1.85) (end 4.25 1.85) (layer B.CrtYd) (width 0.05))
    (fp_line (start -4.25 1.85) (end -4.25 -1.85) (layer B.CrtYd) (width 0.05))
    (fp_line (start 4.25 -1.85) (end 4.25 1.85) (layer B.CrtYd) (width 0.05))
    (fp_line (start 4.25 -1.85) (end -4.25 -1.85) (layer B.CrtYd) (width 0.05))
    (fp_text user %R (at 0 2.75 180) (layer B.Fab)
      (effects (font (size 1 1) (thickness 0.15)) (justify mirror))
    )
    (pad 2 smd rect (at 2.9 0) (size 2.2 3) (layers B.Cu B.Paste B.Mask)
      (net 14 /RF_F1_C1))
    (pad 1 smd rect (at -2.9 0) (size 2.2 3) (layers B.Cu B.Paste B.Mask)
      (net 1 GNDPWR))
    (model Capacitors_SMD.3dshapes/C_1812.wrl
      (at (xyz 0 0 0))
      (scale (xyz 1 1 1))
      (rotate (xyz 0 0 0))
    )
  )

  (module Capacitors_SMD:C_1812_HandSoldering (layer B.Cu) (tedit 5EB97776) (tstamp 5EBB1B46)
    (at 205.9 137.1)
    (descr "Capacitor SMD 1812, hand soldering")
    (tags "capacitor 1812")
    (path /5E30A628)
    (attr smd)
    (fp_text reference C7 (at 0 2.75 180) (layer B.SilkS) hide
      (effects (font (size 1 1) (thickness 0.15)) (justify mirror))
    )
    (fp_text value "10pF 3KV" (at 0 -2.75 180) (layer B.Fab) hide
      (effects (font (size 1 1) (thickness 0.15)) (justify mirror))
    )
    (fp_line (start -2.25 -1.6) (end -2.25 1.6) (layer B.Fab) (width 0.1))
    (fp_line (start 2.3 -1.6) (end -2.25 -1.6) (layer B.Fab) (width 0.1))
    (fp_line (start 2.3 1.6) (end 2.3 -1.6) (layer B.Fab) (width 0.1))
    (fp_line (start -2.25 1.6) (end 2.3 1.6) (layer B.Fab) (width 0.1))
    (fp_line (start 1.8 1.73) (end -1.8 1.73) (layer B.SilkS) (width 0.12))
    (fp_line (start -1.8 -1.73) (end 1.8 -1.73) (layer B.SilkS) (width 0.12))
    (fp_line (start -4.25 1.85) (end 4.25 1.85) (layer B.CrtYd) (width 0.05))
    (fp_line (start -4.25 1.85) (end -4.25 -1.85) (layer B.CrtYd) (width 0.05))
    (fp_line (start 4.25 -1.85) (end 4.25 1.85) (layer B.CrtYd) (width 0.05))
    (fp_line (start 4.25 -1.85) (end -4.25 -1.85) (layer B.CrtYd) (width 0.05))
    (fp_text user %R (at 0 2.75 180) (layer B.Fab)
      (effects (font (size 1 1) (thickness 0.15)) (justify mirror))
    )
    (pad 2 smd rect (at 2.9 0) (size 2.2 3) (layers B.Cu B.Paste B.Mask)
      (net 14 /RF_F1_C1))
    (pad 1 smd rect (at -2.9 0) (size 2.2 3) (layers B.Cu B.Paste B.Mask)
      (net 1 GNDPWR))
    (model Capacitors_SMD.3dshapes/C_1812.wrl
      (at (xyz 0 0 0))
      (scale (xyz 1 1 1))
      (rotate (xyz 0 0 0))
    )
  )

  (module Capacitors_SMD:C_1812_HandSoldering (layer B.Cu) (tedit 5EB97776) (tstamp 5EBB1B36)
    (at 206.155717 117.35)
    (descr "Capacitor SMD 1812, hand soldering")
    (tags "capacitor 1812")
    (path /5E30A628)
    (attr smd)
    (fp_text reference C7 (at 0 2.75 180) (layer B.SilkS) hide
      (effects (font (size 1 1) (thickness 0.15)) (justify mirror))
    )
    (fp_text value "10pF 3KV" (at 0 -2.75 180) (layer B.Fab) hide
      (effects (font (size 1 1) (thickness 0.15)) (justify mirror))
    )
    (fp_line (start -2.25 -1.6) (end -2.25 1.6) (layer B.Fab) (width 0.1))
    (fp_line (start 2.3 -1.6) (end -2.25 -1.6) (layer B.Fab) (width 0.1))
    (fp_line (start 2.3 1.6) (end 2.3 -1.6) (layer B.Fab) (width 0.1))
    (fp_line (start -2.25 1.6) (end 2.3 1.6) (layer B.Fab) (width 0.1))
    (fp_line (start 1.8 1.73) (end -1.8 1.73) (layer B.SilkS) (width 0.12))
    (fp_line (start -1.8 -1.73) (end 1.8 -1.73) (layer B.SilkS) (width 0.12))
    (fp_line (start -4.25 1.85) (end 4.25 1.85) (layer B.CrtYd) (width 0.05))
    (fp_line (start -4.25 1.85) (end -4.25 -1.85) (layer B.CrtYd) (width 0.05))
    (fp_line (start 4.25 -1.85) (end 4.25 1.85) (layer B.CrtYd) (width 0.05))
    (fp_line (start 4.25 -1.85) (end -4.25 -1.85) (layer B.CrtYd) (width 0.05))
    (fp_text user %R (at 0 2.75 180) (layer B.Fab)
      (effects (font (size 1 1) (thickness 0.15)) (justify mirror))
    )
    (pad 2 smd rect (at 2.9 0) (size 2.2 3) (layers B.Cu B.Paste B.Mask)
      (net 14 /RF_F1_C1))
    (pad 1 smd rect (at -2.9 0) (size 2.2 3) (layers B.Cu B.Paste B.Mask)
      (net 1 GNDPWR))
    (model Capacitors_SMD.3dshapes/C_1812.wrl
      (at (xyz 0 0 0))
      (scale (xyz 1 1 1))
      (rotate (xyz 0 0 0))
    )
  )

  (module Capacitors_SMD:C_1812_HandSoldering (layer B.Cu) (tedit 5EB97776) (tstamp 5EBB1B26)
    (at 206.15 121.35)
    (descr "Capacitor SMD 1812, hand soldering")
    (tags "capacitor 1812")
    (path /5E30A628)
    (attr smd)
    (fp_text reference C7 (at 0 2.75 180) (layer B.SilkS) hide
      (effects (font (size 1 1) (thickness 0.15)) (justify mirror))
    )
    (fp_text value "10pF 3KV" (at 0 -2.75 180) (layer B.Fab) hide
      (effects (font (size 1 1) (thickness 0.15)) (justify mirror))
    )
    (fp_line (start 4.25 -1.85) (end -4.25 -1.85) (layer B.CrtYd) (width 0.05))
    (fp_line (start 4.25 -1.85) (end 4.25 1.85) (layer B.CrtYd) (width 0.05))
    (fp_line (start -4.25 1.85) (end -4.25 -1.85) (layer B.CrtYd) (width 0.05))
    (fp_line (start -4.25 1.85) (end 4.25 1.85) (layer B.CrtYd) (width 0.05))
    (fp_line (start -1.8 -1.73) (end 1.8 -1.73) (layer B.SilkS) (width 0.12))
    (fp_line (start 1.8 1.73) (end -1.8 1.73) (layer B.SilkS) (width 0.12))
    (fp_line (start -2.25 1.6) (end 2.3 1.6) (layer B.Fab) (width 0.1))
    (fp_line (start 2.3 1.6) (end 2.3 -1.6) (layer B.Fab) (width 0.1))
    (fp_line (start 2.3 -1.6) (end -2.25 -1.6) (layer B.Fab) (width 0.1))
    (fp_line (start -2.25 -1.6) (end -2.25 1.6) (layer B.Fab) (width 0.1))
    (fp_text user %R (at 0 2.75 180) (layer B.Fab)
      (effects (font (size 1 1) (thickness 0.15)) (justify mirror))
    )
    (pad 1 smd rect (at -2.9 0) (size 2.2 3) (layers B.Cu B.Paste B.Mask)
      (net 1 GNDPWR))
    (pad 2 smd rect (at 2.9 0) (size 2.2 3) (layers B.Cu B.Paste B.Mask)
      (net 14 /RF_F1_C1))
    (model Capacitors_SMD.3dshapes/C_1812.wrl
      (at (xyz 0 0 0))
      (scale (xyz 1 1 1))
      (rotate (xyz 0 0 0))
    )
  )

  (module Capacitors_SMD:C_1812_HandSoldering (layer B.Cu) (tedit 5EB97776) (tstamp 5EBB1A6D)
    (at 204.673113 93.546591 144)
    (descr "Capacitor SMD 1812, hand soldering")
    (tags "capacitor 1812")
    (path /5E30A628)
    (attr smd)
    (fp_text reference C7 (at 0 2.75 324) (layer B.SilkS) hide
      (effects (font (size 1 1) (thickness 0.15)) (justify mirror))
    )
    (fp_text value "10pF 3KV" (at 0 -2.75 324) (layer B.Fab) hide
      (effects (font (size 1 1) (thickness 0.15)) (justify mirror))
    )
    (fp_line (start -2.25 -1.6) (end -2.25 1.6) (layer B.Fab) (width 0.1))
    (fp_line (start 2.3 -1.6) (end -2.25 -1.6) (layer B.Fab) (width 0.1))
    (fp_line (start 2.3 1.6) (end 2.3 -1.6) (layer B.Fab) (width 0.1))
    (fp_line (start -2.25 1.6) (end 2.3 1.6) (layer B.Fab) (width 0.1))
    (fp_line (start 1.8 1.73) (end -1.8 1.73) (layer B.SilkS) (width 0.12))
    (fp_line (start -1.8 -1.73) (end 1.8 -1.73) (layer B.SilkS) (width 0.12))
    (fp_line (start -4.25 1.85) (end 4.25 1.85) (layer B.CrtYd) (width 0.05))
    (fp_line (start -4.25 1.85) (end -4.25 -1.85) (layer B.CrtYd) (width 0.05))
    (fp_line (start 4.25 -1.85) (end 4.25 1.85) (layer B.CrtYd) (width 0.05))
    (fp_line (start 4.25 -1.85) (end -4.25 -1.85) (layer B.CrtYd) (width 0.05))
    (fp_text user %R (at 0 2.75 324) (layer B.Fab)
      (effects (font (size 1 1) (thickness 0.15)) (justify mirror))
    )
    (pad 2 smd rect (at 2.9 0 144) (size 2.2 3) (layers B.Cu B.Paste B.Mask)
      (net 14 /RF_F1_C1))
    (pad 1 smd rect (at -2.9 0 144) (size 2.2 3) (layers B.Cu B.Paste B.Mask)
      (net 1 GNDPWR))
    (model Capacitors_SMD.3dshapes/C_1812.wrl
      (at (xyz 0 0 0))
      (scale (xyz 1 1 1))
      (rotate (xyz 0 0 0))
    )
  )

  (module Capacitors_SMD:C_1812_HandSoldering (layer B.Cu) (tedit 58AA8525) (tstamp 5EBB1A5D)
    (at 201.631361 97.76681 144)
    (descr "Capacitor SMD 1812, hand soldering")
    (tags "capacitor 1812")
    (path /5E30A628)
    (attr smd)
    (fp_text reference C7 (at 0 2.75 324) (layer B.SilkS) hide
      (effects (font (size 1 1) (thickness 0.15)) (justify mirror))
    )
    (fp_text value "10pF 3KV" (at 0 -2.75 324) (layer B.Fab) hide
      (effects (font (size 1 1) (thickness 0.15)) (justify mirror))
    )
    (fp_line (start 4.25 -1.85) (end -4.25 -1.85) (layer B.CrtYd) (width 0.05))
    (fp_line (start 4.25 -1.85) (end 4.25 1.85) (layer B.CrtYd) (width 0.05))
    (fp_line (start -4.25 1.85) (end -4.25 -1.85) (layer B.CrtYd) (width 0.05))
    (fp_line (start -4.25 1.85) (end 4.25 1.85) (layer B.CrtYd) (width 0.05))
    (fp_line (start -1.8 -1.73) (end 1.8 -1.73) (layer B.SilkS) (width 0.12))
    (fp_line (start 1.8 1.73) (end -1.8 1.73) (layer B.SilkS) (width 0.12))
    (fp_line (start -2.25 1.6) (end 2.3 1.6) (layer B.Fab) (width 0.1))
    (fp_line (start 2.3 1.6) (end 2.3 -1.6) (layer B.Fab) (width 0.1))
    (fp_line (start 2.3 -1.6) (end -2.25 -1.6) (layer B.Fab) (width 0.1))
    (fp_line (start -2.25 -1.6) (end -2.25 1.6) (layer B.Fab) (width 0.1))
    (fp_text user %R (at 0 2.75 324) (layer B.Fab)
      (effects (font (size 1 1) (thickness 0.15)) (justify mirror))
    )
    (pad 1 smd rect (at -2.9 0 144) (size 2.2 3) (layers B.Cu B.Paste B.Mask)
      (net 1 GNDPWR))
    (pad 2 smd rect (at 2.9 0 144) (size 2.2 3) (layers B.Cu B.Paste B.Mask)
      (net 14 /RF_F1_C1))
    (model Capacitors_SMD.3dshapes/C_1812.wrl
      (at (xyz 0 0 0))
      (scale (xyz 1 1 1))
      (rotate (xyz 0 0 0))
    )
  )

  (module Capacitors_SMD:C_1812_HandSoldering (layer B.Cu) (tedit 5EB97776) (tstamp 5EBB1A4D)
    (at 207.714861 89.326371 144)
    (descr "Capacitor SMD 1812, hand soldering")
    (tags "capacitor 1812")
    (path /5E30A628)
    (attr smd)
    (fp_text reference C7 (at 0 2.75 324) (layer B.SilkS) hide
      (effects (font (size 1 1) (thickness 0.15)) (justify mirror))
    )
